1971|1 0.825000 -5.275000 280.082657
1971|1 0.825000 -5.165000 279.968629
1971|1 0.935000 -5.275000 280.162056
1971|1 0.935000 -5.165000 280.125199
1971|1 0.935000 -5.055000 280.160669
1971|1 0.935000 -4.945000 280.067677
1971|1 1.045000 -5.275000 280.133492
1971|1 1.045000 -5.165000 280.202632
1971|1 1.045000 -5.055000 280.347018
1971|1 1.045000 -4.945000 280.401465
1971|1 1.045000 -4.835000 280.184865
1971|1 1.045000 -4.725000 279.758959
1971|1 1.045000 -4.615000 279.373684
1971|1 1.155000 -5.275000 280.068875
1971|1 1.155000 -5.165000 280.118127
1971|1 1.155000 -5.055000 280.413736
1971|1 1.155000 -4.945000 280.539723
1971|1 1.155000 -4.835000 280.216230
1971|1 1.155000 -4.725000 279.314376
1971|1 1.155000 -4.615000 278.634692
1971|1 1.265000 -5.385000 280.166077
1971|1 1.265000 -5.275000 280.006624
1971|1 1.265000 -5.165000 280.038039
1971|1 1.265000 -5.055000 280.332495
1971|1 1.265000 -4.945000 280.457421
1971|1 1.265000 -4.835000 279.957277
1971|1 1.265000 -4.725000 279.067741
1971|1 1.265000 -4.615000 278.518946
1971|1 1.375000 -5.385000 280.175939
1971|1 1.375000 -5.275000 280.097288
1971|1 1.375000 -5.165000 280.157739
1971|1 1.375000 -5.055000 280.319983
1971|1 1.375000 -4.945000 280.308393
1971|1 1.375000 -4.835000 279.918850
1971|1 1.375000 -4.725000 279.440914
1971|1 1.375000 -4.615000 279.345474
1971|1 1.375000 -4.505000 279.895726
1971|1 1.375000 -4.395000 280.699754
1971|1 1.485000 -5.385000 280.230375
1971|1 1.485000 -5.275000 280.340015
1971|1 1.485000 -5.165000 280.380992
1971|1 1.485000 -5.055000 280.378697
1971|1 1.485000 -4.945000 280.360951
1971|1 1.485000 -4.835000 280.300194
1971|1 1.485000 -4.725000 280.374033
1971|1 1.485000 -4.615000 280.616943
1971|1 1.485000 -4.505000 280.912544
1971|1 1.485000 -4.395000 281.096368
1971|1 1.485000 -4.285000 281.140468
1971|1 1.595000 -5.495000 280.414349
1971|1 1.595000 -5.385000 280.391157
1971|1 1.595000 -5.275000 280.501816
1971|1 1.595000 -5.165000 280.596731
1971|1 1.595000 -5.055000 280.621247
1971|1 1.595000 -4.945000 280.625198
1971|1 1.595000 -4.835000 280.799177
1971|1 1.595000 -4.725000 281.071359
1971|1 1.595000 -4.615000 281.275437
1971|1 1.595000 -4.505000 281.250475
1971|1 1.595000 -4.395000 281.018968
1971|1 1.595000 -4.285000 280.839712
1971|1 1.705000 -6.265000 281.332616
1971|1 1.705000 -6.155000 281.233464
1971|1 1.705000 -6.045000 281.064150
1971|1 1.705000 -5.935000 280.997440
1971|1 1.705000 -5.495000 280.637843
1971|1 1.705000 -5.385000 280.548417
1971|1 1.705000 -5.275000 280.592483
1971|1 1.705000 -5.165000 280.714499
1971|1 1.705000 -5.055000 280.890618
1971|1 1.705000 -4.945000 280.989935
1971|1 1.705000 -4.835000 281.161205
1971|1 1.705000 -4.725000 281.268511
1971|1 1.705000 -4.615000 281.240515
1971|1 1.705000 -4.505000 281.088606
1971|1 1.705000 -4.395000 280.847282
1971|1 1.705000 -4.285000 280.737727
1971|1 1.815000 -6.265000 281.249255
1971|1 1.815000 -6.155000 281.083429
1971|1 1.815000 -6.045000 280.887586
1971|1 1.815000 -5.935000 280.876856
1971|1 1.815000 -5.825000 280.952148
1971|1 1.815000 -5.715000 281.023004
1971|1 1.815000 -5.495000 280.932076
1971|1 1.815000 -5.385000 280.774169
1971|1 1.815000 -5.275000 280.755180
1971|1 1.815000 -5.165000 280.845285
1971|1 1.815000 -5.055000 281.065828
1971|1 1.815000 -4.945000 281.266719
1971|1 1.815000 -4.835000 281.228111
1971|1 1.815000 -4.725000 281.152324
1971|1 1.815000 -4.615000 281.123947
1971|1 1.815000 -4.505000 280.955475
1971|1 1.815000 -4.395000 280.902710
1971|1 1.815000 -4.285000 280.900515
1971|1 1.925000 -6.265000 281.127151
1971|1 1.925000 -6.155000 280.999672
1971|1 1.925000 -6.045000 280.884288
1971|1 1.925000 -5.935000 280.988119
1971|1 1.925000 -5.825000 281.034524
1971|1 1.925000 -5.715000 281.161457
1971|1 1.925000 -5.605000 281.294075
1971|1 1.925000 -5.495000 281.225471
1971|1 1.925000 -5.385000 281.138872
1971|1 1.925000 -5.275000 281.078988
1971|1 1.925000 -5.165000 281.150742
1971|1 1.925000 -5.055000 281.180076
1971|1 1.925000 -4.945000 281.249874
1971|1 1.925000 -4.835000 281.144591
1971|1 1.925000 -4.725000 281.081362
1971|1 1.925000 -4.615000 281.050885
1971|1 1.925000 -4.505000 281.030456
1971|1 1.925000 -4.395000 281.065165
1971|1 1.925000 -4.285000 281.067812
1971|1 2.035000 -6.815000 281.266694
1971|1 2.035000 -6.705000 281.248866
1971|1 2.035000 -6.595000 281.268989
1971|1 2.035000 -6.485000 281.248287
1971|1 2.035000 -6.265000 281.070398
1971|1 2.035000 -6.155000 280.998395
1971|1 2.035000 -6.045000 280.958215
1971|1 2.035000 -5.935000 281.047818
1971|1 2.035000 -5.825000 281.160671
1971|1 2.035000 -5.715000 281.194628
1971|1 2.035000 -5.605000 281.248049
1971|1 2.035000 -5.495000 281.319460
1971|1 2.035000 -5.385000 281.204398
1971|1 2.035000 -5.275000 281.160548
1971|1 2.035000 -5.165000 281.241174
1971|1 2.035000 -5.055000 281.160980
1971|1 2.035000 -4.945000 281.121920
1971|1 2.035000 -4.835000 281.066976
1971|1 2.035000 -4.725000 281.023201
1971|1 2.035000 -4.615000 280.967951
1971|1 2.035000 -4.505000 280.958710
1971|1 2.035000 -4.395000 281.049808
1971|1 2.035000 -4.285000 281.055048
1971|1 2.145000 -6.815000 281.305247
1971|1 2.145000 -6.705000 281.269673
1971|1 2.145000 -6.595000 281.264207
1971|1 2.145000 -6.485000 281.232546
1971|1 2.145000 -6.375000 281.169137
1971|1 2.145000 -6.265000 281.093741
1971|1 2.145000 -6.155000 281.023726
1971|1 2.145000 -6.045000 281.088138
1971|1 2.145000 -5.935000 281.145417
1971|1 2.145000 -5.825000 281.193312
1971|1 2.145000 -5.715000 281.188424
1971|1 2.145000 -5.605000 281.178960
1971|1 2.145000 -5.495000 281.188589
1971|1 2.145000 -5.385000 281.263845
1971|1 2.145000 -5.275000 281.190020
1971|1 2.145000 -5.165000 281.213081
1971|1 2.145000 -5.055000 281.110108
1971|1 2.145000 -4.945000 280.990969
1971|1 2.145000 -4.835000 280.933416
1971|1 2.145000 -4.725000 280.911943
1971|1 2.145000 -4.615000 280.879429
1971|1 2.145000 -4.505000 280.841186
1971|1 2.145000 -4.395000 280.859087
1971|1 2.255000 -6.815000 281.254795
1971|1 2.255000 -6.705000 281.239215
1971|1 2.255000 -6.595000 281.232084
1971|1 2.255000 -6.485000 281.161521
1971|1 2.255000 -6.375000 281.127677
1971|1 2.255000 -6.265000 281.065013
1971|1 2.255000 -6.155000 281.098999
1971|1 2.255000 -6.045000 281.117884
1971|1 2.255000 -5.935000 281.116868
1971|1 2.255000 -5.825000 281.136197
1971|1 2.255000 -5.715000 281.096629
1971|1 2.255000 -5.605000 281.120078
1971|1 2.255000 -5.495000 281.146085
1971|1 2.255000 -5.385000 281.192862
1971|1 2.255000 -5.275000 281.144118
1971|1 2.255000 -5.165000 281.175733
1971|1 2.255000 -5.055000 281.022840
1971|1 2.255000 -4.945000 280.884902
1971|1 2.255000 -4.835000 280.802350
1971|1 2.255000 -4.725000 280.718755
1971|1 2.255000 -4.615000 280.649160
1971|1 2.255000 -4.505000 280.652545
1971|1 2.255000 -4.395000 280.728249
1971|1 2.365000 -6.815000 281.226357
1971|1 2.365000 -6.705000 281.208810
1971|1 2.365000 -6.595000 281.175796
1971|1 2.365000 -6.485000 281.118898
1971|1 2.365000 -6.375000 281.082806
1971|1 2.365000 -6.265000 281.072402
1971|1 2.365000 -6.155000 281.076512
1971|1 2.365000 -6.045000 281.071851
1971|1 2.365000 -5.935000 281.060655
1971|1 2.365000 -5.825000 281.088556
1971|1 2.365000 -5.715000 281.059060
1971|1 2.365000 -5.605000 281.003301
1971|1 2.365000 -5.495000 281.027395
1971|1 2.365000 -5.385000 281.077228
1971|1 2.365000 -5.275000 281.072474
1971|1 2.365000 -5.165000 281.047818
1971|1 2.365000 -5.055000 280.848737
1971|1 2.365000 -4.945000 280.813094
1971|1 2.365000 -4.835000 280.663835
1971|1 2.365000 -4.725000 280.551479
1971|1 2.365000 -4.615000 280.518403
1971|1 2.365000 -4.505000 280.564030
1971|1 2.365000 -4.395000 280.686335
1971|1 2.365000 -4.285000 280.822275
1971|1 2.365000 -4.175000 280.991330
1971|1 2.365000 -4.065000 281.108690
1971|1 2.365000 -3.955000 281.166055
1971|1 2.475000 -6.815000 281.173030
1971|1 2.475000 -6.705000 281.166606
1971|1 2.475000 -6.595000 281.145380
1971|1 2.475000 -6.485000 281.111393
1971|1 2.475000 -6.375000 281.148823
1971|1 2.475000 -6.265000 281.141049
1971|1 2.475000 -6.155000 281.122128
1971|1 2.475000 -6.045000 281.095308
1971|1 2.475000 -5.935000 281.069111
1971|1 2.475000 -5.825000 281.042965
1971|1 2.475000 -5.715000 281.039301
1971|1 2.475000 -5.605000 281.082657
1971|1 2.475000 -5.495000 281.064314
1971|1 2.475000 -5.385000 281.087009
1971|1 2.475000 -5.275000 281.045375
1971|1 2.475000 -5.165000 280.984089
1971|1 2.475000 -5.055000 280.824726
1971|1 2.475000 -4.945000 280.675548
1971|1 2.475000 -4.835000 280.492541
1971|1 2.475000 -4.725000 280.468576
1971|1 2.475000 -4.615000 280.549388
1971|1 2.475000 -4.505000 280.608744
1971|1 2.475000 -4.395000 280.713918
1971|1 2.475000 -4.285000 280.761451
1971|1 2.475000 -4.175000 280.919743
1971|1 2.475000 -4.065000 281.000381
1971|1 2.475000 -3.955000 281.107770
1971|1 2.585000 -6.705000 281.119104
1971|1 2.585000 -6.595000 281.145720
1971|1 2.585000 -6.485000 281.122485
1971|1 2.585000 -6.375000 281.129730
1971|1 2.585000 -6.265000 281.089468
1971|1 2.585000 -6.155000 281.075893
1971|1 2.585000 -6.045000 281.073324
1971|1 2.585000 -5.935000 281.054609
1971|1 2.585000 -5.825000 281.046709
1971|1 2.585000 -5.715000 281.075193
1971|1 2.585000 -5.605000 281.108809
1971|1 2.585000 -5.495000 281.079337
1971|1 2.585000 -5.385000 281.067857
1971|1 2.585000 -5.275000 281.060477
1971|1 2.585000 -5.165000 280.942994
1971|1 2.585000 -5.055000 280.738258
1971|1 2.585000 -4.945000 280.552466
1971|1 2.585000 -4.835000 280.450828
1971|1 2.585000 -4.725000 280.485111
1971|1 2.585000 -4.615000 280.603969
1971|1 2.585000 -4.505000 280.726631
1971|1 2.585000 -4.395000 280.756120
1971|1 2.585000 -4.285000 280.754021
1971|1 2.585000 -4.175000 280.882095
1971|1 2.585000 -4.065000 281.013022
1971|1 2.585000 -3.955000 280.940985
1971|1 2.585000 -3.845000 280.881693
1971|1 2.695000 -6.595000 281.124737
1971|1 2.695000 -6.485000 281.098975
1971|1 2.695000 -6.375000 281.065856
1971|1 2.695000 -6.265000 281.068676
1971|1 2.695000 -6.155000 281.059569
1971|1 2.695000 -6.045000 281.057155
1971|1 2.695000 -5.935000 281.046949
1971|1 2.695000 -5.825000 281.066255
1971|1 2.695000 -5.715000 281.093436
1971|1 2.695000 -5.605000 281.032120
1971|1 2.695000 -5.495000 281.042689
1971|1 2.695000 -5.385000 281.032279
1971|1 2.695000 -5.275000 280.976684
1971|1 2.695000 -5.165000 280.854295
1971|1 2.695000 -5.055000 280.720276
1971|1 2.695000 -4.945000 280.559207
1971|1 2.695000 -4.835000 280.458781
1971|1 2.695000 -4.725000 280.581148
1971|1 2.695000 -4.615000 280.714127
1971|1 2.695000 -4.505000 280.777262
1971|1 2.695000 -4.395000 280.806970
1971|1 2.695000 -4.285000 280.907777
1971|1 2.695000 -4.175000 280.847880
1971|1 2.695000 -4.065000 280.929054
1971|1 2.805000 -6.595000 281.118538
1971|1 2.805000 -6.485000 281.126603
1971|1 2.805000 -6.375000 281.095709
1971|1 2.805000 -6.265000 281.097905
1971|1 2.805000 -6.155000 281.075131
1971|1 2.805000 -6.045000 281.059365
1971|1 2.805000 -5.935000 281.035389
1971|1 2.805000 -5.825000 281.045468
1971|1 2.805000 -5.715000 281.066227
1971|1 2.805000 -5.605000 281.008480
1971|1 2.805000 -5.495000 280.992357
1971|1 2.805000 -5.385000 280.950551
1971|1 2.805000 -5.275000 280.884729
1971|1 2.805000 -5.165000 280.823096
1971|1 2.805000 -5.055000 280.705417
1971|1 2.805000 -4.945000 280.603675
1971|1 2.805000 -4.835000 280.553650
1971|1 2.805000 -4.725000 280.675675
1971|1 2.805000 -4.615000 280.775226
1971|1 2.805000 -4.505000 280.908550
1971|1 2.805000 -4.395000 280.884908
1971|1 2.805000 -4.285000 280.843137
1971|1 2.805000 -4.175000 280.873925
1971|1 2.915000 -6.485000 281.162147
1971|1 2.915000 -6.375000 281.101163
1971|1 2.915000 -6.265000 281.078056
1971|1 2.915000 -6.155000 281.061086
1971|1 2.915000 -6.045000 281.021779
1971|1 2.915000 -5.935000 281.060351
1971|1 2.915000 -5.825000 281.075353
1971|1 2.915000 -5.715000 281.061050
1971|1 2.915000 -5.605000 280.958178
1971|1 2.915000 -5.495000 280.972928
1971|1 2.915000 -5.385000 280.890015
1971|1 2.915000 -5.275000 280.840805
1971|1 2.915000 -5.165000 280.860411
1971|1 2.915000 -5.055000 280.787035
1971|1 2.915000 -4.945000 280.752054
1971|1 2.915000 -4.835000 280.725752
1971|1 2.915000 -4.725000 280.754899
1971|1 2.915000 -4.615000 280.842802
1971|1 2.915000 -4.505000 280.837026
1971|1 2.915000 -4.395000 280.729014
1971|1 2.915000 -4.285000 280.773826
1971|1 3.025000 -6.485000 281.713235
1971|1 3.025000 -6.375000 281.261852
1971|1 3.025000 -6.265000 281.177503
1971|1 3.025000 -6.155000 281.102156
1971|1 3.025000 -6.045000 281.001838
1971|1 3.025000 -5.935000 281.050149
1971|1 3.025000 -5.825000 281.060321
1971|1 3.025000 -5.715000 281.052839
1971|1 3.025000 -5.605000 281.000900
1971|1 3.025000 -5.495000 280.949455
1971|1 3.025000 -5.385000 280.914982
1971|1 3.025000 -5.275000 280.822599
1971|1 3.025000 -5.165000 280.849457
1971|1 3.025000 -5.055000 280.798880
1971|1 3.025000 -4.945000 280.791466
1971|1 3.025000 -4.835000 280.697320
1971|1 3.025000 -4.725000 280.670759
1971|1 3.025000 -4.615000 280.610862
1971|1 3.025000 -4.505000 280.596665
1971|1 3.025000 -4.395000 280.578587
1971|1 3.135000 -6.595000 281.700563
1971|1 3.135000 -6.485000 281.370195
1971|1 3.135000 -6.375000 281.209440
1971|1 3.135000 -6.265000 281.118719
1971|1 3.135000 -6.155000 281.031622
1971|1 3.135000 -6.045000 281.056169
1971|1 3.135000 -5.935000 281.025532
1971|1 3.135000 -5.825000 281.443790
1971|1 3.135000 -5.715000 281.089468
1971|1 3.135000 -5.605000 280.964627
1971|1 3.135000 -5.495000 280.902559
1971|1 3.135000 -5.385000 280.894740
1971|1 3.135000 -5.275000 280.869084
1971|1 3.135000 -5.165000 280.858418
1971|1 3.135000 -5.055000 280.779076
1971|1 3.135000 -4.945000 280.810619
1971|1 3.135000 -4.835000 280.710558
1971|1 3.135000 -4.725000 280.530863
1971|1 3.245000 -6.595000 281.819928
1971|1 3.245000 -6.485000 281.361900
1971|1 3.245000 -6.375000 281.247052
1971|1 3.245000 -6.265000 281.158851
1971|1 3.245000 -6.155000 281.112160
1971|1 3.245000 -6.045000 281.087828
1971|1 3.245000 -5.935000 281.070802
1971|1 3.245000 -5.825000 281.491509
1971|1 3.245000 -5.715000 281.460763
1971|1 3.245000 -5.605000 281.073123
1971|1 3.245000 -5.495000 280.917620
1971|1 3.245000 -5.385000 280.858175
1971|1 3.245000 -5.275000 280.813515
1971|1 3.245000 -5.165000 280.883335
1971|1 3.245000 -5.055000 280.866045
1971|1 3.355000 -6.595000 281.871154
1971|1 3.355000 -6.485000 281.784481
1971|1 3.355000 -6.375000 281.311177
1971|1 3.355000 -6.265000 281.218688
1971|1 3.355000 -6.155000 281.168951
1971|1 3.355000 -6.045000 281.098747
1971|1 3.355000 -5.935000 281.101577
1971|1 3.355000 -5.825000 281.518971
1971|1 3.355000 -5.715000 281.525324
1971|1 3.355000 -5.605000 281.149264
1971|1 3.355000 -5.495000 280.945184
1971|1 3.355000 -5.385000 280.894972
1971|1 3.355000 -5.275000 280.838829
1971|1 3.355000 -5.165000 280.837597
1971|1 3.465000 -6.595000 281.940192
1971|1 3.465000 -6.485000 281.877581
1971|1 3.465000 -6.375000 281.776706
1971|1 3.465000 -6.265000 281.716264
1971|1 3.465000 -6.155000 281.664439
1971|1 3.465000 -6.045000 281.627269
1971|1 3.465000 -5.935000 281.590970
1971|1 3.465000 -5.825000 281.611526
1971|1 3.465000 -5.605000 281.517644
1971|1 3.465000 -5.495000 281.091298
1971|1 3.465000 -5.385000 281.354139
1971|1 3.465000 -5.275000 280.887081
1971|1 3.465000 -5.165000 280.768460
1971|1 3.575000 -6.485000 281.950831
1971|1 3.575000 -6.375000 281.889276
1971|1 3.575000 -6.265000 281.837573
1971|1 3.575000 -6.155000 281.788180
1971|1 3.575000 -6.045000 281.745971
1971|1 3.575000 -5.935000 281.699978
1971|1 3.575000 -5.495000 281.479988
1971|1 3.575000 -5.385000 281.431508
1971|1 3.575000 -5.275000 280.928197
1971|1 3.575000 -5.165000 280.779565
